917
1051
1099
1055
1129
1106
936
969
1092
1005
915
1100
1051
882
1024
1087
960
1002
1140
1074
960
1099
1136
982
1121
1103
979
1103
1043
986
1172
1146
1034
1152
1135
1007
1105
1175
1074
1131
1162
1009
1125
1189
1046
1170
1137
987
1024
1123
972
1047
1090
1014
1067
1109
1013
1019
1086
1051
946
1085
1103
979
1069
1091
985
1114
1123
997
1115
1124
997
1073
1111
988
1128
1126
970
1147
1114
958
984
1116
1104
966
1109
1133
1013
1010
1109
996
998
1071
1067
959
1070
1070
958
1067
1078
952
1042
1091
1008
997
1108
1046
955
1109
1088
963
1085
1102
974
1076
1113
975
1032
1122
1008
1016
1134
1083
985
1072
1013
1039
1079
971
1032
1099
1016
968
1065
1009
956
1111
1066
967
1102
1104
979
1078
1094
974
1059
1089
975
1010
1066
1041
943
1100
1078
975
1106
1067
985
1104
1083
1002
1132
1092
958
1098
1102
942
1054
1103
950
972
1136
1026
990
1122
924
905
875
832
812
782
746
710
707
684
674
664
652
628
635
621
607
603
587
595
583
576
566
1103
542
536
535
521
526
517
512
508
507
505
510
533
531
562
650
645
635
624
427
745
570
496
632
556
547
542
536
543
541
546
542
542
540
538
538
547
560
604
607
654
633
613
606
604
601
596
580
582
565
560
557
553
557
577
628
620
610
598
687
512
584
579
572
576
570
592
573
587
588
592
600
589
588
581
571
563
549
539
535
540
565
568
581
677
659
724
754
700
640
604
610
591
587
579
563
569
575
573
592
595
586
599
587
577
568
555
546
533
524
517
525
529
518
530
547
533
528
530
545
551
546
543
543
539
547
540
542
547
549
547
1093
1073
518
1038
505
374
1192
530
527
1061
529
522
528
529
527
533
514
531
518
523
528
526
533
531
542
532
536
523
519
521
526
532
525
532
542
558
592
601
589
582
576
568
554
553
648
350
587
521
563
620
551
818
589
568
563
547
560
553
563
555
1100
553
556
565
585
600
593
621
1201
597
589
576
553
562
541
530
526
515
1008
499
497
501
554
563
616
612
702
748
737
498
582
570
557
549
1087
534
539
542
562
585
596
581
561
562
561
546
540
1058
520
511
500
490
488
481
480
475
470
469
470
473
466
469
462
465
487
478
474
476
479
479
476
479
481
479
485
489
488
488
479
477
471
474
480
487
482
507
499
492
499
507
514
500
503
497
502
506
504
530
531
532
526
528
521
521
527
519
512
503
503
497
498
493
579
402
483
489
514
512
526
528
528
523
526
544
530
538
559
562
572
618
576
592
609
605
667
603
603
592
610
666
707
654
604
616
784
688
737
688
659
725
645
612
609
585
621
638
608
670
780
654
725
896
755
765
783
746
730
904
879
782
838
844
770
809
826
745
813
850
758
781
845
843
767
804
854
818
772
856
875
765
794
828
793
748
852
887
810
854
885
825
782
902
876
793
864
907
843
804
908
921
791
863
900
840
813
890
787
847
912
854
807
899
878
788
908
918
827
951
885
867
818
760
837
765
771
756
794
962
921
820
897
874
791
772
895
935
858
821
939
935
815
885
966
867
870
974
950
839
925
950
867
866
972
946
862
967
928
835
939
960
843
886
958
927
824
934
916
846
915
850
812
916
939
833
872
932
890
824
885
957
894
828
945
962
875
872
957
910
805
900
938
857
883
961
908
833
927
857
813
930
925
813
923
881
811
887
837
898
913
816
911
912
840
924
896
840
953
960
857
947
961
848
932
967
861
953
936
849
967
974
856
952
969
843
956
942
854
979
898
800
771
851
975
955
775
758
708
728
683
741
801
738
796
742
785
792
751
719
768
783
743
770
716
733
771
744
755
781
763
762
784
720
750
741
705
721
709
727
701
739
791
746
702
729
716
769
810
846
835
826
814
833
829
825
779
779
736
810
795
805
804
783
771
758
788
828
825
835
794
840
847
837
833
744
752
706
753
785
801
819
779
804
817
835
813
792
768
737
783
807
790
751
736
751
837
863
865
825
809
767
753
712
688
724
844
869
886
832
834
845
834
764
748
758
788
787
774
763
740
773
752
729
763
728
702
724
720
676
690
698
669
693
711
780
734
782
803
773
755
752
760
771
756
752
737
705
699
660
668
712
756
744
693
660
668
742
886
818
843
793
870
876
753
761
781
829
819
811
785
771
757
743
657
685
694
827
890
881
776
806
844
744
746
753
770
795
775
757
726
771
802
774
813
742
725
730
713
711
780
796
844
831
794
736
829
819
818
819
787
737
789
793
787
771
706
728
757
779
766
747
827
814
803
785
756
692
703
710
741
784
780
718
724
697
773
834
785
802
758
736
719
720
659
678
694
767
765
803
789
782
757
726
675
667
670
724
790
797
813
854
833
790
753
729
709
745
727
753
756
738
799
843
816
811
763
711
702
721
729
704
750
764
797
868
851
814
850
797
758
716
697
728
797
885
821
743
762
827
851
788
862
873
869
800
857
868
841
882
913
872
948
941
945
865
905