1050
918
978
1018
957
837
869
835
872
792
803
357
436
1730
567
682
1412
688
1080
2566
260
854
666
1052
420
891
724
688
693
866
897
938
946
936
1957
1382
485
890
976
961
945
839
899
477
270
4963
971
965
982
869
898
942
1018
992
892
973
1012
990
979
969
947
950
965
990
980
958
965
974
934
971
956
810
835
876
949
960
887
896
953
1016
1009
909
1007
1015
1025
916
981
896
946
1044
896
987
991
981
970
991
938
967
988
920
941
991
947
1009
1012
961
976
1005
1000
913
961
998
1025
968
993
1055
985
964
982
951
925
867
928
975
885
922
969
951
902
992
1011
964
847
858
873
890
826
842
912
906
826
885
907
959
962
904
925
991
947
964
961
996
931
921
939
953
866
897
931
866
873
793
829
796
787
883
913
921
850
864
878
922
876
883
931
932
1029
992
988
1004
860
922
952
840
940
954
911
947
867
881
924
949
928
987
857
951
954
1758
1000
931
916
2369
706
343
891
895
858
979
988
935
911
882
925
887
919
953
949
904
898
898
873
894
932
933
940
860
899
932
943
909
896
871
896
898
889
1018
1023
650
1311
1036
1040
983
956
287
665
964
858
956
289
576
912
958
663
314
988
983
887
910
866
895
926
937
870
973
1018
1045
897
955
393
469
885
581
1129
861
936
993
893
945
976
1010
922
1001
1029
1043
1697
287
1049
1040
977
1025
1043
970
1991
1021
309
604
940
980
734
1196
1019
929
945
927
979
980
971
478
411
903
926
1760
945
997
1012
963
1012
1007
925
874
1027
960
713
1079
928
968
970
959
1029
1024
895
952
966
1003
930
906
564
333
960
946
935
890
897
873
941
855
943
953
897
832
866
909
786
253
624
944
1091
533
269
968
951
843
902
936
968
285
600
604
321
909
886
537
389
530
421
672
265
594
544
520
1130
1003
359
325
882
811
590
605
441
583
308
1832
793
608
1607
3252
1162
798
4799
1394
859
898
666
604
492
1447
1130
820
885
977
938
909
861
859
943
949
919
1010
1018
924
999
976
955
971
1005
1036
966
1002
1014
954
1011
1034
1008
1015
1027
972
1031
952
879
931
827
886
1863
949
761
993
928
937
845
876
760
855
783
765
736
715
701
711
821
911
867
893
825
830
863
924
968
987
974
968
973
861
896
951
1028
1019
998
981
912
879
962
995
1027
980
873
946
961
948
873
887
904
957
972
894
947
951
887
933
934
926
930
901
957
960
979
877
913
881
814
854
818
914
972
1037
999
1007
1030
1028
918
983
979
986
910
990
1010
921
1028
1042
922
1029
1010
908
977
1003
924
1039
1055
942
1000
1016
974
928
993
980
899
962
988
891
977
989
969
936
1008
999
902
1006
1023
915
991
1008
885
966
974
858
940
993
902
1029
1045
882
894
914
925
815
830
788
767
763
774
744
800
810
818
769
785
776
766
749
820
878
850
978
1017
920
1018
1018
1005
949
962
1021
1061
973
1054
998
1038
1032
1046
951
1039
1070
1063
950
1047
1010
869
993
1045
885
995
984
979
898
950
997
906
995
1012
934
1014
1035
948
966
913
886
838
921
957
961
881
992
1004
937
990
997
987
959
961
951
963
986
934
978
846
904
902
984
911
892
591
287
932
1903
570
257
854
865
861
411
375
821
816
863
904
926
896
854
884
951
904
993
1056
992
1036
993
990
953
362
502
612
1116
816
859
991
726
821
385
1049
513
491
978
1038
1031
1900
1060
1728
274
1059
1084
926
1050
951
886
979
1026
729
433
673
979
986
319
576
998
2432
624
1088
952
996
1063
1000
940
1025
1020
935
1021
1062
863
897
895
832
813
755
969
347
843
1021
427
729
714
764
817
832
838
1919
1091
695
818
809
843
1780
1021
489
553
271
536
389
688
368
2221
291
1023
3239
1012
1018
983
931
1012
1010
980
926
968
1014
408
354
1157
1026
724
1207
1009
926
266
710
988
938
921
961
1000
877
963
989
960
889
1020
1027
1964
1039
967
937
958
896
836
796
819
899
888
877
988
1017
656
289
953
1009
1013
936
1064
1085
944
1021
1041
955
968
1060
1007
974
1069
1054
928
1006
1025
935
994
1053
974
990
1055
1059
956
1038
1037
927
1008
1035
934
929
955
979
904
1005
1038
970
1030
1017
922
982
1041
979
961
1079
1067
954
1076
1072
960
997
1038
1021
928
1036
1063
940
1027
1008
937
1040
1044
986
1065
1048
942
1020
1038
912
999
1044
944
1016
1038
979
954
1013
1013
905
977
1026
962
945
1026
1011
935
1021
1037
979
958
1048
1057
959
941
987
979
934
1087
1050
579
337
1021
1010
917
1006
1031
942
868
939
987
896
1013
1047
934
1025
1064
948
954
1021
955
911
1021
1020
926
1056
1035
922
1006
1005
929
878
973
996
874
973
1002
892
1010
1022
905
1013
1009
929
1036
1020
924
1049
1071
945
1044
1042
913
1004
1080
971
1016
1040
1019
927
1024
1059
1009
954
1048
1063
947
1021
942
847
889
832
847
882
908
840
946
991
903
986
992
918
919
973
995
899
978
1007
968
959
1004
989
905
979
995
892
967
1002
944
969
1030
995
931
1008
1019
926
1023
1018
995
943
1021
1039
938
986
1018
965
919
1038
1052
953
1009
1042
970
944
918
902
875
936
962
892
937
992
1000
831
858
873
889
881
1010
1035
942
1008
1016
964
912
1014
1042
931
1034
1045
961
1048
1050
989
906
603
316
948
942
1751
913
896
890
937
946
952
973
924
928
996
1003
907
1013
1068
982
1025
1028
957
985
1021
913
990
1043
928
1005
1029
997
644
1190
963
961
947
889
979
1029
916
994
992
974
881
887
892
889
921
936
890
864
900
306
616
927
968
924
966
994
924
997
1029
906
921
979
1007
905
993
1015
1016
905
1012
1054
955
961
1003
901
960
993
1057
928
1038
1072
1027
941
1053
1057
940
1049
1098
1104
963
992
1049
985
938
1051
951
1000
1056
983
942
1013
991
877
987
1008
889
981
988
919
910
994
1024
910
1036
1063
913
1009
1023
925
984
1034
982
965
1051
1030
921
1022
1045
915
990
1028
938
947
997
977
913
980
971
945
1032
1016
949
1045
1078
1040
958
1055
1063
940
1070
1112
1033
966
1079
1076
925
1012
1029
931
957
1003
940
931
1005
998
920
1019
979
936
997
1000
912
1006
1000
933
938
1019
973
947
1045
972
926
1006
963
921
978
940
937
1016
991
941
1014
1022
907
1000
1021
927
1050
1037
936
1025
1053
947
1006
1027
1007
983
1024
1045
946
966
1032
1015
945
1061
1042
948
1061
1005
947
1022
975
903
985
994
883
995
1014
923
1085
1076
956
1063
1012
947
1055
1036
926
1023
1020
889
981
1036
987
984
1021
1003
911
964
949
888
825
788
747
805
838
788
777
851
890
888
886
825
850
879
889
838
910
938
955
947
954
915
844
870
839
828
817
825
810
752
757
729
705
717
689
685
662
657
652
640
618
391
818
613
611
625
621
619
608
606
612
656
728
796
774
900
804
827
733
734
894
899
920
860
958
1031
1036
936
992
1026
1030
919
859
846
978
986
905
1006
1041
1015
948
1022
1071
959
1052
1097
1071
951
1068
1058
997
967
1097
1096
1004
1092
951
939
925
892
812
850
879
854
926
825
854
918
922
895
865
892
984
945
911
1023
1040
918
983
861
801
909
922
930
967
960
994
920
992
1059
942
1068
1055
936
989
885
846
905
869
850
947
996
962
988
998
901
934
963
847
831
835
844
897
854
925
911
931
911
848
812
854
809
869
905
855
944
1010
987
891
878
851
798
794
763
797
778
820
789
860
914
636
260
867
894
918
933
1017
1050
941
1016
999
997
953
927
900
946
401
545
956
945
1072
1085
1069
993
931
907
828
848
991
1054
1029
1040
1023
978
887
853
852
813
854
904
836
993
930
1005
998
901
958
941
939
886
884
883
920
931
944
942
931
977
877
994
1026
720
570
465
1065
950
973
302
446
661
1176
1145
949
695
1253
1051
1064
953
1029
928
940
935
723
551
321
1206
352
682
1047
273
543
1195
339
626
961
461
1456
640
8627
939
648
343
404
481
544
414
990
986
991
871
987
1014
1038
960
1019
999
1033
1068
1044
943
1018
1025
939
908
956
992
996
1007
906
991
1010
1007
910
990
1024
840
810
801
820
763
838
1058
1011
936
1051
1065
984
907
1013
1017
911
1015
1021
974
922
967
974
993
979
930
999
1008
1943
1035
989
952
925
976
994
1033
976
1337
652
983
910
1011
949
980
964
697
331
985
920
405
420
746
1202
939
444
585
306
363
1164
1152
975
998
985
1013
1000
1022
650
302
1046
967
307
745
1066
948
253
1096
559
1896
290
441
996
509
310
257
444
5865
1185
2662
976
967
977
988
1009
1050
994
1029
1062
975
1045
1044
961
1042
1045
966
1062
963
1053
1050
1005
990
1032
1072
926
980
950
979
933
959
996
944
982
974
980
971
914
958
970
1000
960
987
1014
1038
897
979
878
866
909
806
863
825
821
745
788
727
714
709
699
673
684
675
666
659
651
651
675
690
685
651
642
645
671
692
677
731
745
752
771
693
807
919
914
899
944
970
877
876
934
1000
956
950
911
882
870
811
876
823
837
913
968
965
969
903
941
938
940
947
931
990
1015
1033
924
1046
1058
967
1037
1021
990
1047
957
1013
984
1011
946
993
955
935
982
1022
942
983
932
854
922
905
952
1018
1024
945
985
992
900
1016
1021
910
999
1026
926
948
984
965
1014
1058
955
1121
1133
998
1043
990
918
982
1015
919
1044
1026
995
980
867
825
773
772
814
871
921
894
924
962
956
927
982
960
992
927
966
990
958
1018
908
1021
1018
1017
900
966
914
930
840
948
932
1016
1029
975
936
927
843
907
968
968
914
927
939
920
905
816
889
940
1057
1020
940
937
914
991
982
950
1024
1012
1034
1061
979
1049
1006
974
974
1011
905
983
987
956
940
980
984
893
1002
953
994
930
983
966
961
891
922
887
823
847
903
843
967
1019
911
1036
1036
904
996
999
874
965
905
912
958
999
910
930
998
926
909
941
897
914
919
939
861
824
827
766
798
863
957
896
942
882
925
938
929
858
939
938
910
971
898
965
999
969
908
974
886
907
961
915
1012
1021
923
999
956
935
990
949
917
1013
974
938
985
947
915
963
926
900
920
894
929
1014
912
1030
1029
917
983
1010
878
972
983
885
993
955
983
999
986
957
863
879
855
843
868
821
868
936
929
888
882
823
825
785
892
987
886
997
1001
900
972
979
924
1004
997
900
971
1026
928
921
917
991
1001
925
933
873
929
933
938
887
805
859
793
786
841
911
894
921
942
948
925
916
829
821
921
900
947
948
849
914
913
905
833
788
822
803
881
895
921
919
879
915
906
893
876
831
870
893
908
936
951
889
921
924
900
946
948
891
917
910
868
847
774
771
792
753
766
740
736
701
694
669