723
740
747
724
681
645
638
626
670
673
741
688
730
697
735
688
730
682
670
696
667
701
676
757
794
762
689
702
704
716
695
704
754
735
706
698
728
719
700
685
746
754
759
769
769
712
688
695
712
688
688
754
760
858
891
852
765
786
777
713
688
713
725
710
705
744
771
744
708
724
750
762
724
691
690
712
712
709
688
672
680
694
681
675
668
669
661
647
651
622
638
646
694
730
723
693
701
708
711
715
742
748
747
732
725
723
726
725
706
694
725
726
737
727
700
671
697
701
706
701
682
702
698
698
714
723
729
742
753
719
713
730
735
719
703
741
763
717
700
694
682
670
654
657
668
674
701
736
713
695
693
675
673
657
670
687
690
686
720
736
726
742
743
735
719
706
683
664
643
711
752
771
750
781
800
772
750
696
696
680
658
692
734
762
733
765
745
753
761
700
702
701
705
711
753
752
768
719
709
657
648
644
643
666
670
666
729
758
781
807
738
681
679
688
740
760
758
732
721
748
771
749
712
715
730
760
781
797
781
803
759
799
795
759
754
731
691
689
701
711
729
735
722
707
726
772
773
746
756
771
823
802
757
734
734
710
685
657
635
662
659
604
597
592
625
628
741
535
785
629
381
866
644
614
594
579
564
555
550
540
521
519
501
496
981
479
474
472
463
461
456
455
452
450
458
479
488
459
904
448
461
459
592
315
453
454
449
458
457
451
451
455
447
453
450
447
359
531
887
446
447
452
472
465
470
360
349
477
1114
357
405
302
320
458
291
482
575
447
449
453
459
454
1801
439
441
439
451
955
471
469
473
468
468
466
466
472
469
686
259
788
406
668
459
465
460
463
460
1020
363
452
448
449
441
453
436
437
443
442
456
844
467
542
473
498
493
492
496
483
485
479
477
478
474
464
464
461
454
452
459
469
769
618
456
453
454
454
455
453
452
454
468
483
491
502
508
490
497
495
601
394
417
537
471
466
459
456
460
457
451
448
454
450
449
450
447
448
443
279
321
293
440
434
435
430
429
431
436
461
457
471
481
471
470
467
472
461
461
467
462
457
456
461
467
476
474
487
505
494
508
986
485
486
480
479
484
1940
476
471
475
470
466
460
468
463
454
459
455
450
902
330
579
451
451
452
448
447
449
450
449
450
458
467
471
474
480
475
965
479
474
469
462
463
450
907
449
444
450
453
448
468
464
462
467
472
482
502
531
511
511
506
496
496
484
477
474
466
462
464
453
454
449
441
440
429
429
426
425
415
412
413
412
412
409
414
422
436
473
483
463
467
476
463
466
452
455
458
463
471
480
487
480
479
481
479
483
479
470
470
472
936
462
455
454
451
443
447
255
625
885
441
443
435
440
434
438
436
436
430
427
431
430
429
423
425
423
429
423
427
432
435
430
434
441
441
443
442
447
447
451
450
445
447
448
438
438
437
431
431
429
429
431
429
427
426
428
424
421
427
421
434
432
438
443
443
451
459
458
460
461
461
462
464
464
470
485
492
488
483
481
462
472
473
475
475
476
477
490
484
478
481
480
483
483
489
484
479
481
487
487
490
477
474
464
460
457
456
454
457
466
470
471
484
479
480
486
476
480
465
465
466
466
473
478
468
462
461
463
475
477
471
469
470
466
459
467
476
481
478
483
493
492
492
483
479
477
478
481
479
479
488
483
489
491
487
489
500
499
500
507
504
508
516
512
525
513
506
507
513
515
498
498
492
489
487
487
485
494
488
482
489
483
480
483
480
481
485
479
482
484
479
481
484
486
483
488
487
487
488
481
484
484
483
479
483
479
482
486
483
484
494
491
486
491
486
490
489
483
480
473
476
493
499
495
504
507
502
508
518
500
505
512
511
503
513
508
499
504
504
511
518
517
511
511
522
529
533
537
527
518
506
509
516
521
515
505
521
536
525
516
521
528
524
518
527
530
525
525
521
534
534
530
521
522
527
536
533
525
538
544
552
533
543
545
540
533
536
545
549
538
534
543
541
533
526
539
533
525
527
539
541
537
524
529
534
530
529
531
552
553
565
578
574
587
610
584
571
566
567
568
568
560
563
582
587
571
552
560
562
557
541
542
538
525
514
509
509
521
538
531
536
544
538
547
543
538
538
541
542
537
547
538
529
520
521
517
516
521
533
536
532
550
554
556
555
564
566
563
556
563
569
559
543
549
546
549
539
554
558
563
562
571
566
574
572
567
568
590
578
567
559
565
557
558
563
591
622
618
584
573
564
560
563
568
583
593
589
613
604
616
624
603
601
592
589
606
579
593
580
580
578
565
570
565
559
558
555
558
556
563
567
572
562
566
573
587
574
563
553
563
571
562
559
562
558
558
563
551
538
578
559
541
532
524
530
536
548
560
546
549
555
558
543
533
536
557
543
543
544
556
557
560
565
554
562
554
542
538
539
546
547
561
550
551
532
538
551
552
546
539
525
518
520
521
544
554
552
562
564
568
571
571
569
548
548
545
550
546
540
550
540
553
555
576
573
571
579
584
601
584
567
554
560
571
568
569
572
555
554
567
604
614
616
599
569
560
551
556
564
595
604
629
625
604
584
593
581
593
608
630
591
588
573
577
585
593
591
579
569
552
570
629
687
648
623
627
625
617
596
588
570
555
548
569
619
623
621
634
652
642
645
617
598
591
594
572
578
577
572
570
593
594
591
616
665
641
638
666
636
627
601
596
576
606
597
604
615
630
594
581
585
601
593
612
647
605
627
595
641
630
631
612
595
577
598
635
646
623
614
628
621
621
605
599
572
563
577
638
646
621
594
594
615
613
616
600
570
558
550
570
633
678
747
646
669
657
659
631
594
579
582
627
646
643
624
646
629
630
639
635
637
626
611
603
609
627
608
602
600
619
617
634
655
629
605
602
623
623
628
622
613
628
624
612
630
614
602
579
604
630
634
646
662
665
630
624
595
588
591
569
575
571
565
581
591
605
604
604
602
598
602
600
588
592
608
615
602
594
593
614
611
609
609
583
569
558
579
630
696
642
681
649
700
686
663
642
611
601
588
589
627
624
585
574
567
585
615
622
641
605
601
630
686
683
639
630
630
596
605
604
604
613
619
610
616
628
612
634
641
617
624
643
635
606
582
568
593
636
649
623
634
632
621
631
623
622
600
602
615
644
628
609
652
657
622
601
623
646
633
630
611
640
665
647
627
612
608
607
607
606
629
706
662
652
617
607
595
593
588
582
612
639
659
644
646
660
651
632
617
630
637
676
661
657
726