803
827
841
769
782
822
883
808
764
792
742
767
753
760
711
730
705
670
663
660
672
679
676
661
648
662
675
712
681
679
658
646
644
633
625
633
631
629
655
636
645
636
647
649
639
628
635
678
685
630
641
650
662
664
657
655
675
636
648
647
650
634
640
637
668
667
712
671
723
694
706
788
771
798
754
729
714
708
726
770
730
712
675
726
760
776
768
764
746
738
735
727
719
707
700
699
676
683
686
699
711
709
720
690
687
694
699
744
756
759
758
716
688
682
587
738
624
632
604
619
625
623
641
672
785
705
714
771
789
812
774
797
825
802
771
803
860
903
936
954
867
834
854
823
836
790
816
854
858
830
871
829
821
763
750
775
783
868
846
872
879
904
879
854
868
832
876