935
931
841
879
896
925
859
883
916
913
777
740
719
715
718
718
708
724
729
731
714
719
719
729
702
707
717
714
727
1484
712
742
718
694
705
696
703
732
762
789
766
747
712
731
711
786
849
813
837
859
871
802
822
842
887
859
923
943
954
848
909
908
875
793
854
903
915
925
903
813
783
780
760
772
844
912
880
850
866
868
789
832
842
859
854
877
816
819
859
851
850
871
958
984
958
898
967
950
901
890
932
961
970
866
930
927
828
875
895
895
798
808
794
825
830
810
854
891
888
816
793
830
872
876
813
851
913
943
879
938
939
960
915
918
947
971
953
834
845
802
781
861
917
868
843
917
927
913
837
909
956
890
955
980
975
870
921
934
964
872
874
976
941
935
830
882
905
906
864
926
964
974
876
934
941
946
854
916
912
877
941
968
899
982
958
911
869
908
938
901
888
915
929
849
924
958
944
896
983
992
893
969
967
934
888
983
980
923
886
930
894
844
841
923
962
955
892
961
971
873
929
947
942
864
931
938
963
859
914
937
963
850
916
960
926
836
910
917
934
844
896
912
920
841
921
921
904
812
885
904
929
849
931
964
925
887
957
980
850
921
919
852
865
885
907
842
898
927
892
829
885
914
857
862
905
888
818
872
900
913
826
901
921
862
843
892
902
837
840
891
923
908
852
898
918
867
847
919
946
860
905
936
910
813
891
883
779
824
826
875
802
884
922
889
848
890
894
841
836
867
898
857
931
945
938
881
924
951
858
896
903
882
803
857
876
886
827
894
904
844
855
885
889
806
812
756
788
818
855
863
832
837
781
827
850
851
858
822
794
827
818
839
846
811
846
886
908
877
907
925
899
828
839
821
750
788
822
842
827
810
768
771
751
738
765
769
742
729
778
835
880
812
874
877
803
793
759
734
710
704
734
732
830
895
912
833
889
899
865
855
896
952
871
921
942
952
848
932
964
978
899
970
987
909
930
972
976
916
917
933
938
878
917
942
959
884
914
953
947
858
921
932
848
915
953
944
862
952
954
851
908
954
975
921
932
966
975
898
924
948
953
895
945
970
948
850
901
939
943
886
965
971
890
898
938
933
860
931
961
972
904
979
934
838
885
899
825
795
833
889
883
873
917
928
822
835
822
788
743
737
708
707
702
708
729
790
849
799
821
840
856
810
844
827
818
777
839
894
915
888
885
887
904
927
888
915
911
913
851
899
915
941
874
903
922
925
810
882
903
934
892
904
921
888
882
917
943
932
848
890
888
913
866
935
963
922
913
950
962
937
870
900
909
913
863
932
994
998
942
983
987
962
914
943
966
932
929
947
935
866
861
817
846
803
843
898
812
842
878
800
843
866
851
865
817
857
870
863
805
849
835
872
824
810
808
817
841
842
813
793
792
743
768
776
837
854
844
841
800
806
803
740
770
749
799
871
847
880
865
806
812
794
875
837
910
928
908
859
880
848
829
803
781
800
864
818
857
904
906
923
921
859
850
850
840
864
841
856
922
985
908
907
917
938
858
921
967
969
870
920
929
934
854
898
958
938
853
905
947
856
854
882
957
936
813
857
924
947
849
871
842
791
793
864
866
855
921
924
840
778
743
807
795
840
795