1058
956
1182
1001
908
899
877
821
854
815
858
917
859
889
870
855
1643
802
780
801
821
1664
839
815
805
789
795
917
903
946
981
1015
1006
955
950
910
990
1013
929
1047
982
868
903
894
909
896
834
861
884
919
905
897
889
887
894
924
923
941
1022
1067
973
1030
1062
1021
917
951
960
959
1063
958
1073
1086
1085
1057
1106
953
926
861
945
1101
1110
1024
951
888
865
876
888
1023
1067
1057
1061
1057
1053
901
904
1017
1089
1104
1106
1104
1123
1106
1101
1014
1004
1160
1223
1186
1186
1155
1152
1077
1062
1103
1129
1113
1131
1161
1104
1128
1101
1062
1030
888
961
1273
1162
1104
1062
1050
1102
1116
1005
1079
1105
1129
1024
1102
1113
1069
1066
1041
1098
944
998
1045
1037
996
938
945
937
869
870
895
875
899
831
871
912
978
893
911
961
1010
963
1070
1040
981
913
883
855
863
862
809
803
797
792
784
744
732
757
729
732
731
713
695
684
658
647
642
642
653
711
729
730
767
742
755
728
753
991
901
930
872
954
1069
1030
993
1014
1007
1031
1034
1008
971
975
873
994
1139
1033
1013
997
1009
901