867
352
459
800
774
739
744
515
342
515
1260
977
1018
978
1003
938
879
952
823
1229
1017
938
1910
919
958
5322
1319
583
282
982
957
958
889
907
911
830
879
862
911
917
883
832
847
864
908
977
931
928
971
928
872
835
889
883
907
1795
904
908
952
920
910
857
909
881
861
975
995
1053
1086
1005
880
911
978
1021
1006
873
921
931
920
929
903
911
924
935
958
914
903
886
875
416
411
710
934
936
988
989
942
935
932
741
1021
857
857
831
843
825
888
950
858
838
821
811
790
819
813
827
815
821
801
786
807
826
938
880
954
950
887
903
870
864
827
799
842
832
838
835
810
805
798
766
780
777
776
777
769
756
776
821
783
814
810
800
823
815
816
825
788
801
799
791
831
871
854
956
941
951
928
900
882
835
819
818
890
853
891
867
884
927
845
868
865
834
797
787
756
765
759
762
764
742
767
785
802
775
750
780
790
805
768
799
805