763
811
823
848
761
755
797
792
814
840
752
762
815
856
802
770
834
841
793
792
817
849
819
827
832
829
742
764
784
817
801
790
810
808
777
810
813
786
803
822
873
832
881
888
885
846
833
892
888
898
805
843
823
784
800
834
871
872
824
855
872
907
850
896
898
860
901
893
850
849
897
937
844
810
903
917
909
854
869
879
863
813
843
787
920
871
940
910
879
878
848
861
855
848
790
742
741
731
759
787
748
730
748
526
290
729
771
4153
633
642
715
725
725
699
675
670
654
641
635
631
627
690
736
745
802
785
741
800
725
787
718
735
740
793
679
714
750
812
828
860
837
708
784
801
951
908
892
862
877
888
905
901
834
872
858
852
772
758
833
855
872
860
849
761
724
723
724
702
671
770
896
928
927
875
815
854
855
808
765
763
823
858
904
871
895
875
865
853
853
875
851
924
920
912
878
847
854
880
908
832
836
909
912
896
848
880
885
882
824
837
860
871
853
834
905
949
926
904
811
798
864
928
898
861
822
742
694
699
789
838
857
895
906
892
875
862
841
789
807
816
844
864
890
881