739
764
764
801
757
793
839
865
871
886
863
863
854
807
813
804
839
851
872
831
828
844
809
808
809
784
781
776
789
790
796
763
1583
739
850
798
770
766
793
813
842
895
844
869
905
908
847
806
780
762
736
718
725
782
793
750
763
771
775
781
755
744
728
715
750
742
810
907
983
896
857
906
883
829
825
826
787
786
786
799
768
778
788
782
795
822
798
805
800
786
806
774
775
752
751
729
729
694
685
677
688
670
686
676
672
668
662
669
658
651
640
638
648
644
642
643
658
668
479
840
682
688
694
674
687
691
721
696
685
718
766
781
738
785
854
789
814
837
831
802
830
849
867
843
873
849
805
824
793
835
865
937
877
912
862
855
863
821
792
786
806
772
798
802
809
796
854
799
843
852
830
848
813
849
948
979
893
874
910
912
846
870
886
835
907
939
857
881
904
883
881
905
919
853
866
841
875
924
839
869
849
823
865
916
862
904
896
861
833
828
872
938
867
910
895
877
847
864
892
829
813
851
878
825
865
880
839
789
841
837
868
833
836
855
882
825
889
890
875
973
1007
899
866
875
854
857
808
817
809
792
763
758
749
761
777
794
850
870
881
843
832
846
845
803
793
791
764
781
783
775
802
803
800
838
801
799
825
809
795
774
750
739
753
738
788
834
803
791
818
863
854
826
844
851
823
816
819
870
903
827
923
912
863
820
795
799
828
886
853
953
984
866
922
954
940
870
822
865
908
856
867
872
827
830
797
821
919
827
870
888
820
867
867
828
861
981
886
946
1001
877
915
907
876
890
924
973
870
938
964
902
938
940
934
905
893
873
820
809
823
805
831
879
813
838
871
817
795
826
843
865
811
841
865
862
813
948
863
904
901
870
839
852
854
790
820
843
843
812
883
918
880
837
872
918
910
827
825
908
1016
883
921
924
898
839
843
849
854
804
786
809
824
834
789
811
838
886
813
880
915
926
877
888
920
897
829
849
823
800
881
926
832
870
868
846
807
837
900
938
900
936
871
882
859
828
823
805
789
790
810
928
853
906
952
842
854
813
797
767
798
855
912
847
939
900
900
844
804
792
775
783
751
744
748
752
763
771
826
906
807
828
825
899
856
836
803
766
751
733
713
716
706
694
686
677
672
668
666
663
651
641
634
666
685
698
690
684
698
691
707
717
704
736
737
746
778
815
916
829
775
787
783
829
781
782
791
772
771
771
749
756
735
740
775
822
831
791
929
1018
877
929
930
912
843
824
787
759
822
870
861
860
858
972
930
840
816
795
778
774
758
751
742
765
808
833
847
790
766
784
792
816
807
763
789
839
921
841
881
1043
1088
950
1084
1103
977
909
916
858
877
878
884
821
808
826
823
830
836
843
782
787
795
805
782
755
760
753
756
736
773
773
798
841
796
785
813