1088
1140
1096
1227
1172
1160
950
970
1129
1098
1059
1054
920
881
828
827
760
777
754
741
703
690
667
666
662
649
609
660
629
623
620
610
595
588
592
623
608
644
621
636
641
667
685
743
706
733
690
673
685
711
745
780
716
771
732
800
729
786
808
755
835
813
779
730
758
732
743
732
678
696
743
750
749
749
704
776
755
824
782
794
716
735
756
750
781
763
784
800
751
857
825
867
770
809
739
722
745
758
835
986
906
932
972
962
981
955
854
827
851
836
839
860
796
775
771
841
921
837
885
875
861
906
404
470
844
281
547
861
823
857
810
813
829
780
795
770
761
787
799
800
836
885
856
903
969
981
969
1021
990
887
872
915
896
953
914
956
968
1115
1041
999
948
890
886
923
889
949
1010
951
986
902
941
1786
833
800
787
760
739
735
693
685
670
666
653
683
699
793
850
837
870
882
892
1793
814
801
796
767
797
781
780
784
760
747
704
738
811
751
757
706
738
729
738
697
783
879
882
886
818
787
773
781
781
750
699
684
667
648
678
875
826
917
876
832
805
874
879
815
874
862